 3 10 58
  1 -1.132 -0.730 -0.726 -1.356  0.978  1.083 -0.838  1.295 -0.768  1.330
  1  0.049  1.125  0.651  0.140  0.788  0.480 -0.766 -0.898 -0.705 -0.854
  1  0.131  3.308  0.968  0.148  0.884  0.672 -0.687 -0.286 -0.757 -0.357
  1  0.370  4.158  2.961  0.300  0.322 -0.797 -0.446 -0.898 -0.182 -0.854
  1  0.127  1.502  1.370  1.120  0.847  0.764 -0.452  0.654 -0.710  0.187
  2  0.920  1.454  2.365  2.010 -1.282 -1.160  1.321 -0.898  1.048 -0.854
  2  1.219  0.442  0.961  0.255 -0.896 -1.160  0.041 -0.898  0.049 -0.854
  2  1.413  2.623  3.374  1.212 -0.959 -1.160  0.207 -0.898  0.110 -0.759
  2  1.179  2.524  3.172  1.543 -0.919 -1.160  1.490 -0.491  1.048 -0.280
  2  1.411  2.289  3.426  0.011 -0.498 -1.089  0.203 -0.579  0.017 -0.466
  3  1.447  3.961  4.059  0.931 -0.871 -1.160  0.559 -0.898  0.250 -0.854
  3  0.808  3.278  3.256  2.155 -1.428 -1.160  2.130 -0.898  1.551 -0.854
  3  1.231  1.281 -0.219  1.200 -1.428 -1.160  0.853 -0.898  0.815 -0.854
  3  0.337  0.991  1.216  1.338 -1.335 -1.160  1.287 -0.898  1.259 -0.854
  3  1.074  1.006  1.233  0.738 -0.685 -1.160  0.336 -0.898  0.111 -0.854
  3  1.091  1.211  3.242  1.415 -1.129 -1.160  0.816 -0.898  0.538 -0.854
  3  1.057  1.567  2.121  1.909 -1.149 -1.160  1.127 -0.898  0.595 -0.854
  1 -0.011  1.453  1.892  1.203  0.696  0.340 -0.815 -0.898 -0.796 -0.854
  1  1.166  2.024  3.060  0.778  0.041 -0.734 -0.569 -0.898 -0.595 -0.854
  2  0.066 -0.150  0.456 -0.713  0.467 -0.036 -0.368 -0.628 -0.279 -0.615
  1 -0.745 -0.120 -0.013 -1.217  0.904  0.920 -0.799 -0.352 -0.782 -0.381
  2  0.276  1.945  2.019  0.302  0.443  0.151 -0.101  0.038 -0.023 -0.015
  2 -0.223  1.314 -0.046  0.015  0.447  0.472 -0.330 -0.222 -0.050 -0.647
  2  0.494  0.492  2.144  0.172 -0.013 -0.568  0.150 -0.898  0.147 -0.854
  2 -0.317 -0.001  1.112 -0.070  0.095 -0.417  0.559 -0.255  2.004 -0.077
  2  0.375  0.749  0.524  0.301  0.501  0.348 -0.186  0.563 -0.213  0.516
  3  1.582 -0.666 -0.552  0.104 -0.881 -1.160 -0.142 -0.898 -0.298 -0.854
  2  0.544  1.029  1.174 -0.705  0.098 -0.644 -0.297 -0.898 -0.252 -0.854
  2  0.534  6.336  1.064  0.152  0.043 -0.182 -0.749 -0.304 -0.752 -0.440
  2 -0.108 -0.065  1.374 -0.605 -0.078 -0.705  0.053 -0.898  0.298 -0.854
  2  0.206 -0.616  0.724  0.216 -0.349 -1.094  0.553 -0.898  0.675 -0.854
  2 -0.428 -0.432 -0.227 -0.413  0.564  0.480 -0.344  0.363 -0.030  0.122
  2  0.369  2.606  1.651  0.380 -0.411 -1.126  0.878 -0.898  0.769 -0.820
  2 -0.027 -0.038 -0.008  0.330 -1.070 -1.160  1.466 -0.898  1.985 -0.854
  2  0.373  0.055  0.062  0.004 -0.778 -1.102  0.300 -0.869  0.505 -0.854
  1 -0.758  0.810 -0.166  0.367  0.793  0.912 -0.905  1.055 -0.844  1.055
  3  0.223 -1.003 -0.887  0.509 -1.428 -1.160  1.282 -0.898  0.765 -0.854
  3  0.050 -0.526 -0.759  0.890 -1.428 -1.160  2.852 -0.898  1.707 -0.854
  3 -0.196 -0.427 -0.336 -0.609 -0.704 -1.160 -0.530 -0.898 -0.383 -0.854
  3 -0.082  0.918  1.002 -0.721 -0.993 -1.160 -0.301 -0.898 -0.294 -0.854
  3  0.274  1.105 -0.144 -0.251 -0.900 -1.160  0.593 -0.898  1.158 -0.854
  1 -0.181  1.209 -0.281 -0.418  0.645 -0.286 -0.565 -0.898 -0.419 -0.854
  3  0.424  0.249 -0.168 -0.179 -0.954 -1.160 -0.119 -0.898 -0.410 -0.854
  3  0.343 -0.445 -0.663 -0.128 -1.137 -1.160  0.322 -0.898  0.089 -0.854
  2 -0.070 -0.779 -0.831 -0.756 -0.013 -0.217 -0.271 -0.595 -0.077 -0.638
  3  0.247  0.625  1.470 -0.186 -0.774 -1.160  0.369 -0.898  0.607 -0.854
  3  0.096 -0.480  0.393  0.114 -1.120 -1.160  0.638 -0.898  1.016 -0.854
  3  0.291  0.292 -0.040  0.587 -1.428 -1.160  1.082 -0.898  1.201 -0.854
  3  0.192  0.123 -0.627  0.696 -1.428 -1.160  1.979 -0.898  2.154 -0.854
  2  0.067  0.621  0.085  0.672  0.477  0.148  0.248 -0.825  0.351 -0.733
  2  0.126  0.399  1.889  0.951 -0.815 -1.160  1.542 -0.898  2.135 -0.854
  2  0.484 -0.043  0.177  0.894 -0.632 -1.123  1.177 -0.898  1.084 -0.854
  2  0.473  0.380  2.738  1.092 -0.338 -0.645  0.972  0.493  0.957  0.835
  2 -0.180  3.152  2.065 -0.816  0.457  0.369 -0.652 -0.118 -0.574 -0.296
  3  0.940  0.714  0.609 -0.383 -0.728 -1.160 -0.094 -0.898 -0.059 -0.854
  3  0.533  0.228  0.720  0.785 -1.162 -1.160  0.809 -0.898  0.941 -0.854
  3  1.462  2.562  2.666  0.951 -1.019 -1.160 -0.053 -0.898 -0.151 -0.854
  3  1.568 -0.532 -0.687  2.707 -1.428 -1.160  1.951 -0.898  1.023 -0.854
1
7
9
12
15
33
34
35
37
38
42
43
44
70
73
74
78
82
89
111
112
121
144
145
193
206
261
267
273
293
303
308
316
320
321
325
350
351
361
362
370
371
378
384
392
396
398
412
413
429
481
490
499
500
508
509
514
517
