3 10 45
1 0.0971247 0.250905 0.10307 0.276421 0.515498 0.368049 -0.158302 -0.117914 -0.0607703 -0.24613 
2 0.468139 -0.243279 0.00757423 -0.201398 -0.943721 -1.16139 -0.0865499 -0.898887 -0.196723 -0.854942 
0 -0.181554 1.20964 -0.280946 -0.418311 0.645897 -0.286274 -0.56559 -0.898887 -0.419583 -0.854942 
1 0.107275 0.252655 1.18192 -1.03787 0.103486 -0.37094 -0.293219 -0.898887 -0.22554 -0.854942 
1 0.206621 -0.61613 0.724405 0.216264 -0.34915 -1.09546 0.553492 -0.898887 0.675961 -0.854942 
0 -0.880646 -0.406909 -0.145858 -0.943347 0.929265 0.927508 -0.84362 -0.327392 -0.786669 -0.37424 
2 0.0958874 -0.48008 0.393216 0.113853 -1.12101 -1.16139 0.639035 -0.898887 1.01732 -0.854942 
1 1.21993 0.44191 0.962188 0.255082 -0.897079 -1.16139 0.0409512 -0.898887 0.0491698 -0.854942 
2 -0.082139 0.918599 1.00317 -0.721301 -0.994377 -1.16139 -0.300895 -0.898887 -0.293972 -0.854942 
0 -0.758273 0.810747 -0.166641 0.367632 0.7936 0.913278 -0.906135 1.056 -0.844899 1.05597 
2 0.247657 0.62602 1.47171 -0.186083 -0.774704 -1.16139 0.369657 -0.898887 0.607354 -0.854942 
1 0.460578 0.238144 0.490454 0.98774 -0.66913 -1.12534 1.01672 -0.898887 1.01058 -0.854942 
1 0.494786 0.492337 2.14559 0.172143 -0.0126197 -0.568494 0.149913 -0.898887 0.14684 -0.854942 
2 0.533553 0.22847 0.720226 0.785421 -1.16289 -1.16139 0.809731 -0.898887 0.941521 -0.854942 
2 1.25673 0.687459 1.02541 0.603932 -0.775958 -1.16139 0.69576 -0.898887 0.266946 -0.854942 
1 -0.278472 2.24565 1.27701 -0.213447 0.264228 0.115711 -0.400033 -0.598495 -0.011725 -0.615525 
2 1.33151 0.370695 -0.740663 1.12863 -1.20101 -1.16139 0.537034 -0.898887 0.288191 -0.854942 
1 0.399999 1.933 1.52402 -0.237034 -0.477794 -1.07957 0.347864 -0.87194 0.420077 -0.828107 
1 -0.026944 -0.0380722 -0.00850629 0.329832 -1.07061 -1.16139 1.46727 -0.898887 1.98644 -0.854942 
0 -0.0109743 1.45415 1.89416 1.20414 0.696552 0.340538 -0.815713 -0.898887 -0.79645 -0.854942 
1 0.325901 2.21468 2.14855 0.972595 0.335697 0.317296 -0.0970232 -0.0166902 -0.111744 -0.149057 
1 0.25421 0.146038 1.66544 0.846808 -0.854197 -1.16139 1.43436 -0.898887 1.79342 -0.854942 
2 -0.0509329 -0.774203 -0.824143 0.475091 -1.42896 -1.16139 2.04968 -0.898887 1.54069 -0.854942 
0 0.131584 3.31059 0.968806 0.148216 0.884879 0.672561 -0.687691 -0.286621 -0.757677 -0.357205 
1 -0.179721 3.15457 2.06698 -0.816712 0.457069 0.368997 -0.653019 -0.117914 -0.575027 -0.296534 
2 0.170764 0.149537 -0.6746 0.693404 -1.42896 -1.16139 2.23891 -0.898887 2.47662 -0.854942 
0 1.16716 2.02552 3.06281 0.778973 0.0410447 -0.734268 -0.569363 -0.898887 -0.595396 -0.854942 
2 1.94315 2.47268 1.84813 0.727937 -1.29254 -1.16139 0.36094 -0.898887 0.436274 -0.854942 
1 1.41191 2.29114 3.42889 0.0109752 -0.498107 -1.08953 0.20358 -0.579281 0.0173026 -0.465947 
1 1.18034 2.5264 3.17457 1.54476 -0.920149 -1.16139 1.49154 -0.491413 1.04939 -0.279966 
2 1.27006 3.44252 3.51731 1.16486 -1.42896 -1.16139 0.587384 -0.898887 0.288857 -0.854942 
2 0.808291 3.28136 3.25863 2.15724 -1.42896 -1.16139 2.13158 -0.898887 1.5524 -0.854942 
1 0.534722 6.34217 1.06488 0.152501 0.0430508 -0.181924 -0.749946 -0.304663 -0.753014 -0.440745 
1 0.592758 -0.205716 -0.185392 0.444079 -0.163833 -0.434973 0.140285 -0.476651 0.0711157 -0.581689 
1 -0.00668972 0.114444 -0.0904182 -0.493613 0.242913 -0.139473 -0.274224 -0.898887 -0.18908 -0.854942 
1 -0.408727 -0.551501 -0.680637 -0.576042 0.713855 0.606631 -0.485381 -0.217264 -0.268485 -0.303301 
1 0.373535 0.0553721 0.0619693 0.00418738 -0.778716 -1.10281 0.300507 -0.870066 0.504986 -0.854942 
2 0.940585 0.714627 0.609287 -0.383523 -0.729064 -1.16139 -0.0945513 -0.898887 -0.0591576 -0.854942 
2 0.196403 0.561803 -0.0794463 -0.263888 -0.98911 -1.16139 0.479269 -0.898887 1.16491 -0.854942 
2 0.538067 0.287748 -0.476002 0.435976 -1.42896 -1.16139 0.624204 -0.898887 0.719152 -0.854942 
0 0.126956 1.50345 1.37134 1.12133 0.847515 0.764579 -0.45227 0.654857 -0.710174 0.187668 
2 1.05796 1.56839 2.12329 1.91033 -1.15035 -1.16139 1.1277 -0.898887 0.59589 -0.854942 
1 0.92056 1.45549 2.36735 2.01219 -1.28351 -1.16139 1.32182 -0.898887 1.04939 -0.854942 
1 1.41425 2.62529 3.3767 1.21326 -0.960021 -1.16139 0.207028 -0.898887 0.11017 -0.760202 
2 1.46348 2.56458 2.66829 0.952274 -1.01995 -1.16139 -0.0532435 -0.898887 -0.150763 -0.854942 
