3 10  480
1.1681  1.0617  2.0131  0.7758  0.9712  0.9391  1.0577  1.0545  1.0064  1.0769
0.8473  0.5233  0.5343  0.5837  0.9600  0.9467  1.0267  0.9367  1.0467  0.9367
0.5530  0.7726  0.8861  1.4514  1.0220  0.9084  1.0073  0.9853  0.7363  0.9707
0.7480  0.3600  0.6516  1.9966  1.0119  1.0381  1.0929  1.0190  1.4500  1.0262
1.2692  1.2329  0.9582  2.9751  1.0373  1.0629  1.1399  1.0233  1.3613  1.0350
3.8727  3.1662  2.0595  3.7405  0.9538  0.9051  1.1898  0.3942  1.4769  0.2311
1.8557  0.6722  1.0816  2.8178  0.9652  0.9975  1.1368  1.0050  1.4428  0.9776
3.7680  1.2610  2.6498  2.2671  0.9306  0.9190  1.1829  0.9792  1.1921  0.9630
4.9773  3.2862  3.3051  2.8054  0.8509  0.7135  1.1608  0.0000  1.2193  0.0000
6.7262  3.1837  5.9362  3.3265  0.8629  0.6012  1.3022  0.0000  1.2523  0.0000
2.8349  2.8287  1.7187  3.5254  0.9753  0.9753  1.2123  0.9531  0.6494  0.9506
2.5078  2.0631  2.1525  1.3800  0.9409  0.9244  1.0756  0.8983  0.7139  0.8889
4.2044  3.1084  1.6579  4.6071  0.9320  0.9320  1.3819  0.8900  0.9871  0.8835
7.4090  5.2772  6.8913  4.4904  0.6984  0.1534  1.6296  0.0000  2.7196  0.0000
3.0623  1.6231  1.8544  3.4486  0.9495  0.9057  1.3199  1.0067  1.6431  1.0269
3.4949  3.0626  3.2370  2.7414  0.9406  0.9142  1.2772  1.0363  1.6568  1.0429
0.6271  0.7874  0.5552  2.1602  1.0047  1.0165  1.0969  0.9811  1.2695  0.9669
0.5946  0.2951  0.7005  0.6225  0.9796  0.9683  1.0385  0.9977  1.1769  0.9864
1.1679  0.3989  0.6973  0.9087  0.9886  0.9292  1.0297  0.9840  0.9886  0.9817
0.7748  0.8542  1.1959  1.2011  0.9883  1.0117  1.0282  1.0329  0.9859  1.0023
1.0603  0.4765  1.3274  1.5254  0.9642  0.9374  0.9888  0.9553  0.9508  0.9485
1.0412  0.8617  1.6573  1.5082  0.9911  0.9622  0.9867  0.9444  0.9311  0.9400
0.2832  0.7676  0.8496  0.7658  1.0299  0.9862  1.0161  1.0046  0.9034  0.9862
1.2414  0.4481  0.6045  2.5607  0.9888  1.0403  1.0380  0.9866  0.9888  0.9754
0.5671  0.6827  0.7241  2.5393  1.0440  1.0602  1.0903  1.0069  1.0509  0.9931
0.4785  0.9079  0.7294  1.2265  1.0340  1.0431  1.0590  0.9637  0.9932  0.9546
9.8117  2.6474  5.8642  8.5257  0.0580  0.0000  4.3478  0.0000  6.2319  0.0000
11.2172  1.9939  2.9562  3.8941  0.2281  0.0000  2.7368  0.0000  3.8509  0.0000
11.2854  1.7872  3.0176  4.4380  0.2564  0.0085  2.7436  0.0000  3.8034  0.0000
11.9562  3.4594  7.6928  3.8085  0.3712  0.0303  2.6288  0.1364  3.2879  0.1667
0.6597  1.2710  1.4255  2.8265  0.9797  0.9212  0.9279  0.9077  0.9392  0.8559
9.7563  2.4677  6.9494  5.7630  0.3571  0.1746  2.4524  0.1825  3.5000  0.0556
8.1362  2.4117  6.3451  6.6857  0.5694  0.4861  3.7917  0.0972  6.0000  0.0000
12.1163  5.0855  8.7845  5.9785  0.2222  0.0000  3.1759  0.0000  3.9537  0.0000
9.3217  4.4216  7.3995  8.8676  0.0000  0.0000  5.5926  0.0000  7.6667  0.0000
10.9976  4.5261  7.6362  5.4226  0.1078  0.0000  2.9314  0.0000  4.1176  0.0000
9.5591  1.0985  0.4040  5.9692  0.0000  0.0000  3.5694  0.0000  5.9583  0.0000
10.7041  2.0371  0.7119  7.7562  0.0000  0.0000  3.8333  0.0000  5.8611  0.0000
11.1714  2.4786  1.4087  6.6149  0.0000  0.0000  3.6282  0.0000  5.5641  0.0000
13.4956  1.8279  0.6866  5.0685  0.1813  0.0000  2.0468  0.0000  2.6023  0.0000
10.9595  1.2390  0.3574  8.5992  0.0000  0.0000  4.8788  0.0000  6.7576  0.0000
13.1011  0.8841  1.0482  7.6809  0.0000  0.0000  3.5000  0.0000  4.2549  0.0000
11.7822  1.6638  0.7005  8.4319  0.0000  0.0000  4.0617  0.0000  5.5062  0.0000
8.3474  0.8084  0.6311  3.6572  0.0000  0.0000  2.2903  0.0000  3.3441  0.0000
8.1629  1.2522  1.2632  4.7175  0.0775  0.0000  1.4884  0.0000  2.4574  0.0000
8.3854  0.2907  0.3216  3.5614  0.0000  0.0000  2.1212  0.0000  3.6061  0.0000
8.4586  0.1955  0.1577  3.3502  0.0000  0.0000  2.2121  0.0000  3.6970  0.0000
9.2110  0.9732  0.4006  3.5733  0.0000  0.0000  2.6354  0.0000  4.0938  0.0000
10.7943  1.0788  0.6585  4.8330  0.0000  0.0000  1.9630  0.0000  2.9333  0.0000
10.7331  0.3643  0.4251  4.8025  0.0000  0.0000  2.0388  0.0000  3.1008  0.0000
10.5777  0.3729  0.4365  4.6154  0.0000  0.0000  2.2000  0.0000  3.4167  0.0000
10.4282  0.3469  0.7179  4.4420  0.0000  0.0000  2.2479  0.0000  3.5470  0.0000
10.2599  0.6303  0.2390  4.4308  0.0000  0.0000  2.5619  0.0000  3.7619  0.0000
10.0075  0.7798  0.2393  4.4666  0.0000  0.0000  2.7396  0.0000  4.0313  0.0000
1.5278  1.5074  1.8181  2.5200  1.0196  1.0224  1.1905  1.0896  1.3557  1.0588
1.3816  0.8694  0.9263  0.9362  0.9917  0.9361  1.0667  0.1167  1.0333  0.0000
1.5107  2.3730  1.9604  1.6180  0.9886  0.9259  1.0370  0.0000  1.0342  0.0000
3.1400  1.4551  2.3724  3.1542  0.9781  0.9671  1.1908  0.9518  0.9737  0.9430
3.8500  3.2133  1.0673  3.4518  0.9036  0.9392  1.0922  0.7505  1.1342  0.7275
3.1709  1.9533  2.7325  2.4889  0.9175  0.8419  1.1581  0.0000  1.2199  0.0000
2.9289  1.6271  1.7520  2.3584  0.9320  0.7687  1.1122  0.0476  1.1735  0.0000
1.9777  1.0441  1.2108  2.5392  0.9904  0.9976  1.1343  0.9424  1.1894  0.9424
2.8465  0.3904  0.6562  2.6612  0.9650  0.9650  1.1725  0.9324  1.1049  0.9441
7.0805  1.5792  3.6728  9.1006  0.0000  0.0000  9.1111  0.0000  13.7407  0.0000
9.5138  3.6197  5.9429  5.9795  0.0667  0.0000  4.4000  0.0000  6.1333  0.0000
10.5610  2.4111  7.3762  7.1203  0.1190  0.0000  3.5714  0.0000  4.7738  0.0000
10.1977  1.5100  2.8150  5.3220  0.1212  0.0000  4.1667  0.0000  5.7727  0.0000
9.9606  1.9674  3.8051  6.5056  0.0323  0.0000  2.9570  0.0000  4.1720  0.0000
10.1453  1.8685  2.9119  8.0906  0.0000  0.0000  7.9167  0.0000  10.7778  0.0000
12.0884  4.3133  5.5636  5.0971  0.2222  0.0000  2.9316  0.0000  3.3333  0.0000
10.9393  2.9399  6.3729  5.2123  0.1463  0.0000  2.5691  0.0000  3.0569  0.0000
11.5060  2.2536  3.6201  4.8708  0.2500  0.0000  3.0741  0.0000  3.7130  0.0000
10.4114  2.7571  5.4438  8.2856  0.1111  0.0000  4.0494  0.0000  4.9383  0.0000
10.9791  2.7828  3.7687  6.0616  0.1750  0.0000  2.6500  0.0000  3.3250  0.0000
11.2789  1.9011  3.5526  5.2062  0.2604  0.0000  3.3854  0.0000  4.0000  0.0000
0.5717  1.7843  1.0826  2.1177  0.9898  0.9364  0.9771  0.0000  1.0051  0.0000
0.8999  0.6759  2.9819  1.3147  1.0127  1.0204  1.0916  1.0611  1.2468  1.0585
1.6700  1.0031  1.6483  1.6792  0.9926  0.9828  1.1275  0.9412  1.2353  0.9657
10.8880  3.2013  7.0622  5.6188  0.5862  0.1801  1.4406  0.0000  1.5402  0.0000
0.2782  0.3536  0.6295  0.8907  1.0050  1.0100  1.0274  0.9652  1.2189  0.9552
0.6170  0.3313  0.7991  1.4508  0.9975  1.0199  1.0697  0.9453  1.2289  0.9453
1.0692  0.4665  1.0873  0.7245  0.9773  0.9621  1.0126  0.9924  1.1667  0.9545
2.1611  0.9138  0.7638  0.9383  0.9303  0.9254  1.0871  0.9925  1.4776  0.9602
1.9567  1.2252  0.6395  1.6268  0.9502  0.9502  1.1144  0.9602  1.5000  0.9677
0.6404  0.4462  0.8949  1.3785  1.0349  1.0188  1.0296  0.9785  1.4489  0.9839
1.2982  1.2405  0.9978  1.2921  0.9871  0.9716  1.0646  1.0052  1.5065  1.0129
0.4777  0.8991  1.2172  1.2371  1.0109  1.0109  1.0519  1.0246  0.9891  1.0164
0.5450  0.8093  0.7778  1.1970  0.9898  0.9822  0.9822  0.9466  0.9669  0.9517
0.4551  0.4441  0.9497  0.3976  0.9893  0.9920  1.0027  0.9760  0.9707  0.9813
0.1722  0.6645  1.4727  0.4196  1.0278  1.0306  1.0417  1.0417  0.8917  1.0444
0.3417  0.4139  0.3356  1.2319  1.0217  1.0027  1.0488  0.9621  0.9106  1.0081
1.3841  0.5879  1.4145  1.9536  0.9835  0.8815  1.0413  0.2176  1.0579  0.1846
0.6480  0.4960  1.1446  1.2114  0.9790  0.9265  1.0000  0.2231  0.9659  0.1890
0.8136  0.5012  1.2503  2.3636  0.9948  0.9044  0.9793  0.3333  0.9354  0.2713
1.2769  0.9354  1.6543  1.6340  0.9677  0.9435  1.0027  0.2634  0.9946  0.2339
6.6935  1.6657  5.2104  3.9513  0.6522  0.5217  2.0072  0.1159  2.6884  0.1014
7.2871  1.8692  4.3775  2.4960  0.7515  0.5697  1.8424  0.1576  2.3697  0.0909
6.3993  1.5118  4.1930  3.5285  0.7376  0.6312  1.9787  0.1348  2.7163  0.0851
4.3640  1.0493  4.1842  3.4980  0.8156  0.6738  1.7092  0.1064  2.7163  0.0496
4.5848  1.0823  3.6237  2.8902  0.7698  0.5873  1.8016  0.0159  3.0159  0.0000
6.9464  1.6068  3.3941  4.9118  0.6098  0.4553  2.3496  0.0000  3.1463  0.0000
6.9823  1.1563  2.2258  3.3472  0.6013  0.4248  1.8170  0.0588  2.4183  0.0261
3.8257  1.6237  2.5345  2.1480  0.7917  0.6806  1.6319  0.4444  2.7083  0.3681
4.9519  2.1758  3.5914  3.7667  0.8939  0.6818  1.9697  0.4394  3.3106  0.3485
6.4533  2.6716  4.3891  2.9183  0.7018  0.5614  1.8363  0.3626  2.6667  0.3158
7.0018  3.1245  5.2671  4.4949  0.7467  0.5533  2.1600  0.4000  3.1733  0.3600
8.4885  3.2401  5.6269  3.6420  0.6923  0.5385  1.9333  0.3385  2.4769  0.3026
7.2163  3.3851  5.4873  6.0752  0.7037  0.6235  2.1667  0.3765  2.9198  0.3025
12.3038  0.3450  0.3652  6.9325  0.2095  0.0000  3.4381  0.0000  4.2000  0.0000
12.7394  0.6602  0.3708  7.2591  0.1802  0.0000  3.3333  0.0000  3.8739  0.0000
12.8108  0.9180  0.4021  7.4560  0.1622  0.0000  3.3243  0.0000  3.8468  0.0000
12.6297  1.0384  0.4496  7.7733  0.1429  0.0000  3.4571  0.0000  4.0952  0.0000
12.2612  0.8100  0.8257  8.1269  0.1333  0.0000  3.9111  0.0000  4.8333  0.0000
11.6711  0.7231  0.5712  8.5119  0.0256  0.0000  4.3077  0.0000  5.7051  0.0000
11.5080  0.2393  0.3638  8.3750  0.0000  0.0000  4.2179  0.0000  5.8974  0.0000
10.7489  0.5514  0.6559  8.3210  0.0000  0.0000  4.6667  0.0000  6.7273  0.0000
12.0576  0.9061  0.3137  6.4303  0.1333  0.0000  3.1333  0.0000  3.9048  0.0000
12.2934  0.6334  0.2144  6.4324  0.1404  0.0000  2.9912  0.0000  3.5965  0.0000
12.6743  0.4376  0.3536  6.9321  0.1389  0.0000  3.2963  0.0000  3.8426  0.0000
12.8354  0.3685  0.3088  7.0862  0.1481  0.0000  3.3148  0.0000  3.8333  0.0000
12.8982  0.8093  0.4239  6.8259  0.1333  0.0000  2.9500  0.0000  3.4417  0.0000
12.8614  0.5556  0.4510  6.9844  0.1053  0.0000  3.1140  0.0000  3.6053  0.0000
12.7791  0.3113  0.1762  7.3823  0.0667  0.0000  3.3810  0.0000  3.8762  0.0000
12.0869  0.6179  0.2390  7.7896  0.0000  0.0000  3.8736  0.0000  4.5517  0.0000
11.2349  0.5998  1.0312  6.6590  0.0753  0.0000  3.4946  0.0000  4.3011  0.0000
4.8190  2.5108  1.7074  3.8184  0.7481  0.6889  1.8074  0.2889  3.0963  0.0889
7.4676  2.2337  5.4228  4.2036  0.6417  0.4000  2.3167  0.0000  3.2250  0.0000
4.5645  1.7267  1.3704  3.5270  0.7524  0.6190  2.1143  0.2571  3.8095  0.2381
5.0087  1.1142  1.1722  3.5356  0.6563  0.5000  2.2708  0.1458  4.3333  0.0833
6.4257  2.8477  4.8894  5.4327  0.6762  0.4286  2.6476  0.1524  4.0762  0.1333
0.7004  0.6100  0.8370  0.5528  0.9901  0.9926  1.0247  0.9630  0.9753  0.9753
0.7330  0.5017  1.4286  0.3694  0.9757  0.9757  1.0219  0.9416  0.9684  0.9440
0.6054  0.3694  1.4497  0.4577  0.9828  0.9681  1.0196  0.9559  1.0049  0.9314
8.2447  3.7696  6.5478  4.2951  0.6319  0.4514  2.2222  0.1250  3.0694  0.0903
6.5104  2.6143  4.5746  5.5916  0.6316  0.4737  2.4912  0.1228  3.8684  0.0789
7.3720  2.8715  5.0127  5.0747  0.6349  0.4048  2.4444  0.1429  3.3968  0.0952
0.6313  0.6236  1.1541  0.4479  1.0025  0.9773  1.0303  0.9672  1.0177  0.9697
0.7700  0.6526  0.5078  0.7018  0.9975  0.9949  1.0483  0.9466  1.0382  0.9796
0.4390  0.7896  0.6944  1.0887  0.9838  0.9630  0.9815  0.9491  1.0069  0.9537
0.6882  1.2128  1.2388  1.3414  1.0214  1.0095  1.0167  1.0214  1.0524  1.0071
7.6193  2.9734  5.0011  3.9018  0.6667  0.4400  2.1533  0.1267  2.7467  0.0867
0.5981  0.6236  1.5050  0.8466  0.9728  0.9630  0.9877  1.0099  1.0519  1.0198
0.4896  0.6221  1.1567  1.6518  1.0129  1.0336  1.0543  1.0078  1.0439  1.0362
0.3759  0.5879  1.1325  1.4181  1.0260  1.0286  1.0677  0.9870  1.0495  1.0104
0.4774  0.3186  0.7515  0.3523  0.9974  0.9922  1.0207  1.0129  0.9690  1.0181
0.7328  0.4045  0.2916  1.9955  1.0266  1.0676  1.0990  1.0894  1.2029  1.0556
5.9501  2.9038  5.0520  2.3126  0.7627  0.6045  1.7062  0.3390  2.2599  0.2599
5.0897  2.0759  3.3276  3.4314  0.8085  0.6950  1.8936  0.4184  2.7163  0.2908
4.8007  1.6730  2.7417  4.1052  0.7778  0.7037  1.8963  0.3852  2.8000  0.3037
4.9281  1.1550  1.5149  4.0086  0.7752  0.7209  2.0155  0.3333  3.1318  0.2481
4.2709  0.9622  0.7479  3.7421  0.8049  0.7398  1.8780  0.3089  3.1951  0.2033
4.7431  0.7464  0.9385  4.3954  0.7863  0.7436  2.0855  0.3504  3.4530  0.2906
6.2178  1.4769  1.9638  4.4342  0.7754  0.6449  2.0725  0.3333  3.0652  0.2609
0.5508  1.0992  0.8487  0.6440  0.9831  0.9768  1.0042  1.0127  0.9916  0.9852
0.9591  0.4564  0.5514  0.8598  0.9873  0.9937  1.0042  1.0127  1.0949  0.9958
0.7898  1.4979  0.7222  0.8829  1.0021  0.9752  1.0435  0.9917  1.0435  0.9607
0.7677  0.8049  0.6150  0.8514  0.9957  0.9677  1.0151  0.9914  1.0065  0.9699
0.8839  0.7032  0.6452  1.1967  0.9509  0.9893  1.0128  0.9701  0.9209  0.9509
1.1049  0.5959  1.1570  1.4484  0.9695  1.0196  1.0414  0.9935  0.9390  0.9651
0.5026  0.5487  0.6877  1.0177  0.9782  0.9940  0.9901  0.9306  0.9861  0.9425
0.6918  1.2342  1.7780  1.0665  0.9665  0.9665  0.9783  1.0276  0.9763  1.0316
0.8365  0.7018  0.4082  2.5154  0.9497  0.9199  0.9739  0.9274  0.9088  0.8901
0.8056  0.9124  0.8687  1.3563  0.9615  0.9893  0.9936  0.9701  1.0192  0.9744
0.7950  0.7581  0.9222  1.1814  0.9542  0.9500  0.9792  0.9521  0.9187  0.9521
0.9227  0.4859  0.8118  0.8738  0.9765  0.9744  1.0192  0.9658  1.0000  0.9701
0.7934  0.7123  0.3351  0.9550  0.9611  0.9509  0.9898  0.9427  0.9611  0.9223
7.1513  1.4343  5.3715  4.2926  0.5794  0.3889  2.1587  0.1905  3.9048  0.1667
0.8099  1.2298  1.4942  0.9516  0.9669  0.9318  0.9883  0.8402  0.9903  0.8402
5.7135  1.6466  3.4701  4.8617  0.6344  0.3548  2.6237  0.4086  5.1613  0.4086
0.6692  0.9362  0.8846  1.1594  1.0000  0.9789  0.9916  0.9515  1.0084  0.9620
0.5898  0.6724  0.6861  1.2088  0.9648  0.9648  0.9793  0.9917  0.9296  1.0062
7.0645  0.8022  2.2796  4.3879  0.6349  0.4444  2.2619  0.4921  3.5317  0.5794
0.5456  0.6892  1.1389  0.3093  0.9867  0.9733  0.9978  0.9844  0.9667  1.0000
0.6076  0.6456  0.7884  1.0379  1.0266  1.0242  1.0459  1.0725  1.0217  1.1063
0.6471  0.8282  2.4207  1.9612  1.0451  1.0476  1.1028  1.0802  1.1128  1.0501
1.0714  1.1727  2.5258  0.8036  0.9953  0.9577  1.0399  0.9930  1.0141  1.0141
1.3872  1.1785  1.2136  1.0512  0.9817  0.9521  1.0365  0.9749  1.0183  0.9658
13.8329  5.5684  9.5011  9.2342  0.0000  0.0000  3.8384  0.0000  4.8283  0.0000
13.2384  1.9857  0.7736  11.0308  0.0000  0.0000  5.4697  0.0000  7.1061  0.0000
12.6227  2.1710  1.1033  9.5894  0.0000  0.0000  4.5600  0.0000  6.1467  0.0000
13.7980  0.6356  0.3509  5.6783  0.0200  0.0000  2.4200  0.0000  3.5333  0.0000
12.6865  0.6598  0.2107  5.5759  0.0000  0.0000  2.5426  0.0000  3.2016  0.0000
11.5003  0.6492  0.4754  5.7427  0.0000  0.0000  2.9048  0.0000  4.1238  0.0000
11.7253  0.6315  0.4359  5.9153  0.0000  0.0000  2.9810  0.0000  4.0857  0.0000
12.0617  0.7632  0.4376  5.7086  0.0000  0.0000  2.6583  0.0000  3.4667  0.0000
11.5515  1.2095  0.5720  4.1878  0.0544  0.0000  2.0544  0.0000  2.8435  0.0000
13.5584  0.8800  1.0092  5.2825  0.0667  0.0000  2.3600  0.0000  2.7733  0.0000
12.3662  1.7197  0.2357  10.6462  0.0000  0.0000  5.4091  0.0000  6.8485  0.0000
13.9521  1.6621  1.2748  8.2782  0.0000  0.0000  3.1667  0.0000  3.8083  0.0000
15.5902  0.5212  0.2559  4.9822  0.1592  0.0000  2.0995  0.0000  2.1592  0.0000
15.6432  0.4960  0.2382  4.8983  0.1739  0.0000  2.0483  0.0000  2.0966  0.0000
15.8792  0.6053  0.4147  5.2407  0.1714  0.0000  2.0238  0.0000  2.0905  0.0000
16.1151  0.5167  0.5679  5.6084  0.1549  0.0000  1.9953  0.0000  2.0704  0.0000
14.2685  1.4588  1.1803  6.1206  0.0133  0.0000  2.5600  0.0000  3.0133  0.0000
12.6971  1.3562  0.1942  7.8673  0.0000  0.0000  3.5657  0.0000  4.5960  0.0000
11.8961  1.3333  0.2478  8.9868  0.0000  0.0000  4.5467  0.0000  6.0667  0.0000
10.9406  0.6407  0.8498  6.7479  0.0000  0.0000  3.3111  0.0000  4.6667  0.0000
10.5295  0.3858  0.5571  6.5100  0.0000  0.0000  3.5309  0.0000  5.1728  0.0000
10.5536  0.6400  0.6977  6.5251  0.0000  0.0000  3.8133  0.0000  5.6533  0.0000
10.7405  0.4427  0.6237  6.4418  0.0000  0.0000  3.3333  0.0000  4.9425  0.0000
10.9344  0.2156  0.1119  6.8264  0.0000  0.0000  3.7160  0.0000  5.2593  0.0000
10.9052  0.4285  0.3944  7.0665  0.0000  0.0000  3.7407  0.0000  5.2346  0.0000
11.3021  0.6832  0.4893  7.2850  0.0000  0.0000  3.9487  0.0000  5.5897  0.0000
12.3567  1.1208  0.9605  6.7693  0.0000  0.0000  3.2525  0.0000  4.4040  0.0000
13.5159  0.4034  0.5314  7.3219  0.0000  0.0000  2.8632  0.0000  3.7009  0.0000
13.4099  0.6444  0.3967  7.5192  0.0000  0.0000  3.0180  0.0000  3.9820  0.0000
13.5644  0.4544  0.6274  7.9345  0.0000  0.0000  3.1261  0.0000  4.0631  0.0000
13.7347  0.5038  0.2881  8.2590  0.0000  0.0000  3.3056  0.0000  4.1944  0.0000
13.4514  0.5007  0.2881  8.3463  0.0000  0.0000  3.5657  0.0000  4.6465  0.0000
12.8713  0.5329  0.4893  7.4736  0.0000  0.0000  3.1574  0.0000  4.0463  0.0000
12.5543  0.7722  0.4818  7.2537  0.0000  0.0000  3.2745  0.0000  4.2353  0.0000
11.3504  1.7454  0.4040  7.2271  0.0000  0.0000  3.5172  0.0000  5.0000  0.0000
9.5147  0.7835  0.4103  6.6012  0.0000  0.0000  4.0794  0.0000  5.3333  0.0000
10.2278  0.2762  0.2589  6.9543  0.0000  0.0000  3.9028  0.0000  4.9167  0.0000
10.0865  0.3137  0.1228  6.9716  0.0000  0.0000  3.9167  0.0000  4.8750  0.0000
9.9690  0.2515  0.2425  7.1364  0.0000  0.0000  4.2121  0.0000  5.2121  0.0000
9.7753  0.4496  0.3987  7.7367  0.0000  0.0000  4.8246  0.0000  6.0877  0.0000
9.5504  0.6992  0.3397  7.9564  0.0000  0.0000  5.3529  0.0000  6.8039  0.0000
9.8195  4.5287  5.6558  6.3033  0.0000  0.0000  3.5802  0.0000  4.7160  0.0000
11.2647  1.5924  0.5179  6.1446  0.0202  0.0000  2.9798  0.0000  3.9091  0.0000
12.5763  0.4452  0.7368  5.1517  0.1522  0.0000  2.3913  0.0000  2.9638  0.0000
12.6259  0.7635  0.2020  4.9412  0.1633  0.0000  2.2789  0.0000  2.7755  0.0000
12.6177  0.3788  0.6514  4.8373  0.1806  0.0000  2.3264  0.0000  2.7917  0.0000
12.6411  0.3809  0.6839  4.5758  0.1950  0.0000  2.0880  0.0000  2.4969  0.0000
12.9516  0.6196  0.3012  4.3929  0.2244  0.0000  2.2564  0.0000  2.6090  0.0000
13.1564  0.5092  0.8985  4.4107  0.2500  0.0000  2.3141  0.0000  2.6218  0.0000
13.2867  1.0483  0.8867  4.5367  0.2485  0.0000  2.1939  0.0000  2.4667  0.0000
13.0793  0.6718  0.3849  4.6313  0.2244  0.0000  2.2244  0.0000  2.5641  0.0000
12.6435  0.4376  0.8212  4.1615  0.2244  0.0000  2.1859  0.0000  2.5256  0.0000
7.7281  1.0062  0.3557  5.7243  0.0000  0.0000  4.4706  0.0000  6.1765  0.0000
8.6461  1.2904  0.1884  7.1490  0.0000  0.0000  4.9412  0.0000  7.2941  0.0000
8.1423  1.5127  0.9663  4.8103  0.0000  0.0000  3.2754  0.0000  5.2899  0.0000
8.7645  1.8885  3.9808  2.1635  0.6491  0.1111  1.8187  0.0000  2.2866  0.0000
8.1690  2.2336  3.8106  2.1194  0.6090  0.2179  1.8590  0.0000  2.5192  0.0000
9.0874  3.5488  5.8637  3.4991  0.5722  0.3278  2.0111  0.0000  1.7833  0.0000
0.5168  0.6416  0.9204  0.8379  0.9845  1.0000  1.0439  0.3230  1.0620  0.0362
0.5338  0.3708  1.0872  0.7506  0.9699  0.9524  1.0000  0.3559  0.9825  0.0652
8.3142  6.7374  7.5367  5.3861  0.7076  0.5263  1.8655  0.0819  1.5731  0.0409
0.4757  0.6667  0.4924  1.1453  0.9949  1.0256  1.0179  1.0051  0.7590  0.9846
0.9781  0.6079  0.8197  0.8197  0.9801  0.9826  1.0299  0.7239  0.9925  0.5075
0.6256  0.7370  0.8444  1.5267  0.9627  0.9301  0.9650  0.8275  0.9580  0.7063
0.3364  0.5599  0.6452  1.1905  0.9906  0.9624  0.9695  0.9507  0.8685  0.9460
0.3395  0.7333  1.1653  1.1970  1.0260  1.0130  1.0469  1.0547  1.0000  1.0208
0.3739  0.9305  1.0699  1.4833  1.0253  1.0455  1.0455  1.0051  1.0051  0.9975
5.8179  1.8741  2.9250  3.1210  0.6496  0.3932  2.0940  0.0342  2.9145  0.0598
5.7647  1.3443  1.6305  2.6191  0.6667  0.4309  1.8943  0.0000  2.6992  0.0000
5.5169  2.3370  4.1280  1.9659  0.7179  0.5833  1.6859  0.3526  2.4487  0.2885
5.3860  0.7706  1.7688  2.4624  0.6500  0.4583  1.8583  0.0000  2.8000  0.0000
4.7711  2.1670  3.7715  4.3659  0.6528  0.5000  2.8889  0.0278  5.7500  0.0139
4.4348  1.2595  1.7245  2.1509  0.6263  0.3838  1.8990  0.0000  3.2828  0.0000
0.9200  0.6015  0.7556  0.6460  0.9075  0.9513  1.0049  0.9805  0.9757  0.9343
5.3116  0.7608  1.2620  2.2839  0.6944  0.4722  2.0278  0.0000  2.9907  0.0093
3.8556  0.9163  1.4374  4.2286  0.8021  0.7708  2.1458  0.3750  3.7813  0.2917
4.6211  1.1395  2.0228  3.1119  0.6806  0.3194  2.6806  0.0139  4.7917  0.0278
5.1180  0.8333  1.1590  4.4427  0.7658  0.6937  2.1892  0.3423  3.4054  0.2342
6.2621  1.4786  3.8222  1.3362  0.6111  0.3333  1.8651  0.0000  2.5952  0.0000
7.9260  3.5867  6.8786  2.6639  0.7299  0.5115  1.8678  0.2529  2.2069  0.2126
0.7567  0.5457  0.7719  0.6163  1.0000  0.9689  1.0424  0.9633  1.0282  0.9718
0.5971  1.0093  0.7994  1.3838  0.9917  1.0333  1.0750  1.0667  1.1167  1.0639
5.7727  1.4646  4.3357  2.0794  0.4815  0.1481  2.3457  0.0000  4.1728  0.0000
0.9847  0.4714  0.3435  2.1886  1.0123  1.0401  1.1049  1.0463  1.1173  1.0679
6.5667  1.4101  3.9035  2.1239  0.5905  0.2095  2.1524  0.0000  3.2381  0.0000
0.5170  0.4110  0.4705  1.8082  0.9878  1.0642  1.0550  1.1070  1.0581  1.1070
5.4468  0.8870  2.5640  3.1801  0.5000  0.0694  2.7083  0.0000  4.8611  0.0000
6.6757  1.1759  2.7703  2.0593  0.6417  0.2083  2.0750  0.0000  2.8417  0.0000
5.2734  1.4938  1.5501  3.6606  0.7063  0.6111  1.9286  0.2857  2.9762  0.2460
0.7493  1.2158  2.2950  1.0656  0.9942  1.0175  1.0526  1.0058  1.0205  0.9444
6.7139  1.0899  3.0842  1.9123  0.6417  0.2083  2.0750  0.0000  2.8833  0.0000
0.2812  0.8457  1.3272  0.4716  1.0000  0.9913  1.0058  0.9710  0.9826  1.0145
0.8175  0.8184  0.8263  1.4851  0.9912  1.0472  1.0767  1.0383  1.1180  1.0501
5.1561  1.8940  3.4797  3.5042  0.7154  0.6423  1.9106  0.4309  3.0244  0.3740
6.5340  0.8259  3.1142  4.2365  0.4783  0.1014  3.1594  0.0000  5.3188  0.0000
0.4877  0.6060  0.4157  0.6951  0.9748  0.9860  1.0000  0.9664  1.0336  0.9524
0.4471  0.7536  0.7939  1.4402  1.0117  1.0322  1.0351  1.0614  0.9912  1.0234
0.3028  0.5262  0.9537  1.1352  1.0055  1.0248  1.0358  1.0523  0.9835  1.0275
6.9483  0.9534  3.2090  4.4795  0.4000  0.0000  3.1067  0.0000  4.9467  0.0000
3.9240  0.8131  1.3943  2.8088  0.7949  0.6923  1.7863  0.5385  3.1538  0.4188
0.2467  0.3701  1.0057  0.8191  1.0222  1.0250  1.0417  1.0083  1.1167  1.0222
6.3544  0.7692  1.0551  2.8821  0.7467  0.5533  1.8867  0.1467  2.7867  0.1267
7.0821  3.0877  5.4736  4.6421  0.3175  0.0000  3.5238  0.0000  5.9683  0.0000
6.5321  2.3300  4.1414  5.3223  0.3333  0.0000  4.5778  0.0000  8.3556  0.0444
4.5153  0.5256  1.6588  3.2109  0.7667  0.6417  1.8833  0.3833  3.1250  0.3417
5.7247  0.5859  0.8108  3.7143  0.6899  0.5504  2.0155  0.1860  3.2326  0.1550
0.7112  0.6586  1.3403  1.5402  0.9920  0.9413  0.9867  0.9040  0.9893  0.9067
0.5821  0.4452  1.1425  1.1252  0.9635  0.9505  0.9688  1.0026  0.9010  0.9870
0.1757  0.7093  1.6167  0.4945  0.9895  0.9974  0.9948  1.0446  0.9738  1.0394
6.8442  1.0367  0.5152  5.7507  0.7521  0.6752  2.4530  0.3675  3.2564  0.3162
6.3948  0.6028  0.8722  4.1326  0.7007  0.5646  1.9864  0.2381  2.9252  0.1769
5.6763  1.1961  1.7716  4.5601  0.1429  0.0000  4.5714  0.0000  8.9048  0.0000
7.4242  1.2869  1.8930  3.7925  0.2593  0.0247  2.7778  0.0123  4.6790  0.0000
7.9677  1.2717  1.7886  3.2234  0.7000  0.5278  1.8833  0.2278  2.4000  0.1778
7.5397  3.1114  4.4115  3.2239  0.3793  0.0345  2.8506  0.0115  4.4368  0.0115
7.7049  2.1075  1.3483  3.3921  0.6121  0.4788  1.8606  0.2606  2.2727  0.1818
6.9370  3.4659  4.9507  3.9872  0.6596  0.5035  2.1489  0.2908  2.6454  0.2270
2.4844  2.0209  1.4992  4.6492  0.8863  0.8748  0.9229  0.8343  0.8285  0.8189
2.8507  2.7368  2.3592  2.1434  0.9261  0.9002  1.0379  0.8623  0.8403  0.8603
2.3718  3.1574  3.0277  5.3110  0.9042  0.8361  0.8619  0.7109  0.7864  0.6556
0.5351  0.3770  0.6322  1.3783  1.0192  1.0120  1.0624  1.0000  1.0264  1.0216
0.4253  0.5837  1.2440  0.9575  0.9815  0.9884  0.9977  1.0139  1.0116  1.0000
5.6515  1.3140  1.3603  3.6580  0.7600  0.6200  1.8667  0.2667  2.8733  0.2200
5.6214  1.4620  1.9687  3.6677  0.8295  0.6899  2.1008  0.2558  3.2403  0.2093
0.7850  0.5576  0.6970  0.7523  0.9709  0.9553  1.0045  0.9553  0.9441  0.9553
5.5415  0.8350  1.2170  3.3031  0.7500  0.5903  1.8681  0.2431  2.7431  0.1875
0.3866  1.0207  1.6253  0.7451  0.9784  0.9610  0.9589  0.9351  0.9156  0.9199
5.2991  0.6843  1.2723  3.2189  0.8043  0.6304  1.9275  0.2609  2.8551  0.2101
0.4720  1.1229  0.9147  1.0504  0.9845  0.9801  0.9801  0.9603  0.9448  0.9713
0.5935  0.7526  1.3917  0.7245  0.9770  0.9839  1.0069  1.0230  1.0092  1.0138
0.4323  1.2473  1.1436  0.5760  1.0165  1.0165  1.0331  1.0236  1.0118  1.0095
0.6388  1.0176  0.8687  1.6982  0.9885  1.0138  1.0621  0.9793  0.9977  1.0230
6.8120  0.4950  0.3788  4.7422  0.0000  0.0000  3.8824  0.0000  4.8235  0.0000
6.7676  0.2576  0.2569  4.9836  0.0000  0.0000  4.2889  0.0000  5.4222  0.0000
6.0198  0.6236  0.3435  5.5196  0.0000  0.0000  6.5556  0.0000  7.9259  0.0000
5.5716  0.4808  0.3666  4.9025  0.0000  0.0000  5.4667  0.0000  7.6333  0.0000
5.5322  0.4532  0.4934  5.1478  0.0000  0.0000  6.7083  0.0000  9.3750  0.0000
5.4046  0.3617  0.6678  5.0719  0.0000  0.0000  6.5000  0.0000  9.1250  0.0000
5.1961  0.2943  0.3068  4.7786  0.0000  0.0000  5.6667  0.0000  7.9630  0.0000
5.1955  0.3788  0.2836  4.8862  0.0000  0.0000  7.3810  0.0000  10.3810  0.0000
5.6250  0.4678  0.3596  5.1450  0.0000  0.0000  6.2222  0.0000  8.4444  0.0000
5.1511  0.4875  0.3567  2.9996  0.3838  0.0000  1.3939  0.0000  1.9495  0.0000
5.5430  2.2574  3.8087  3.4077  0.0784  0.0000  2.7843  0.0000  3.4902  0.0000
0.5887  0.5548  1.0548  0.1800  0.9775  0.9820  1.0541  0.5090  1.0946  0.3108
0.6410  0.6503  0.7716  0.4487  0.9662  0.9662  1.0338  0.4177  1.0338  0.1013
0.6549  0.4549  0.3367  0.4802  1.0133  0.9511  1.0711  0.9600  1.0533  0.8933
0.4452  0.3096  0.5514  0.9882  1.0188  1.0329  1.0798  1.0047  1.0798  0.9859
0.7375  0.4611  1.7417  0.7595  1.0231  1.0093  1.1389  1.0972  1.5370  1.1111
1.6476  0.6431  1.4596  1.5967  0.9530  0.9359  1.1966  1.0043  1.4829  1.0171
0.4903  0.8049  0.7997  0.3389  1.0219  1.0219  1.0526  0.9649  1.1447  0.9561
6.9910  2.3081  1.5387  3.1902  0.2105  0.0000  3.2281  0.0000  6.5439  0.0000
0.6445  0.5300  0.3708  0.7709  0.9918  0.9588  0.9794  0.9300  1.1317  0.9054
6.7022  0.5483  1.0850  3.1019  0.1528  0.0000  2.4167  0.0000  3.6111  0.0000
2.3871  1.5467  2.0656  3.0722  0.9412  0.9559  1.3725  1.1029  0.7647  1.1176
3.2504  1.6720  0.7838  4.2056  0.9275  0.9372  1.4686  1.0048  0.7536  1.0531
7.0624  0.7018  0.6563  3.1666  0.1528  0.0000  2.5000  0.0000  2.5833  0.0000
0.7373  0.2619  0.6060  0.4581  0.9794  0.9465  1.0576  0.9136  1.1646  0.9054
7.4835  0.5733  1.5077  3.2242  0.2024  0.0000  2.2619  0.0000  2.2619  0.0000
0.5860  0.4110  1.2185  1.5137  0.9718  0.9108  0.9390  1.0751  0.0000  1.1174
0.8057  0.7585  0.4564  0.6048  0.9657  0.9657  1.1225  0.9216  1.2402  0.9853
0.8195  0.4730  0.8542  0.6606  0.9491  0.9491  1.0880  0.8889  1.1667  0.9444
8.0072  0.7520  1.5064  3.4494  0.2346  0.0000  2.5802  0.0000  3.1728  0.0000
7.3854  0.4639  0.4400  4.3021  0.0000  0.0000  3.3333  0.0000  4.7500  0.0000
7.2652  0.6551  1.0621  4.7584  0.0000  0.0000  3.5263  0.0000  5.1228  0.0000
3.6860  1.6335  2.7679  3.2579  0.8056  0.5694  2.4306  0.1250  4.0278  0.0972
5.2687  2.0917  3.0563  0.5576  0.6212  0.3333  1.6288  0.1212  2.4621  0.0985
4.6748  2.0687  3.5042  2.6327  0.7654  0.5062  2.2593  0.1358  3.7778  0.1481
4.9359  2.2387  3.9647  1.8223  0.7048  0.4571  1.8286  0.1238  2.9905  0.1238
3.9888  0.5631  1.7772  2.7473  0.7556  0.4333  1.2000  0.1500  1.6500  0.0944
4.2267  0.7993  1.6555  1.3347  0.7755  0.4966  1.3878  0.1701  1.9320  0.1224
2.5513  0.7719  1.8272  2.3719  0.6481  0.3889  2.1481  0.2963  6.0926  0.2407
6.8748  1.8414  4.3214  3.3440  0.2609  0.0000  2.8841  0.0000  4.9710  0.0000
3.8990  0.4305  0.7719  4.4583  0.6140  0.6667  3.1754  0.4912  6.4035  0.2982
4.8183  1.0607  0.4960  3.7714  0.5694  0.4861  2.7500  0.3194  5.1944  0.2222
6.2124  0.7666  2.4636  4.0510  0.1228  0.0000  3.2982  0.0000  6.1404  0.0000
3.8953  0.6236  0.9551  2.2953  0.4928  0.3623  2.2464  0.3043  4.9710  0.2464
4.0789  0.6384  0.4527  3.8851  0.8627  0.4902  3.2353  0.4902  6.8431  0.3529
5.1796  1.1499  0.6512  4.5544  0.5362  0.4493  2.9420  0.2319  5.0145  0.2609
5.6723  0.7231  0.8156  4.8173  0.5139  0.4583  3.0694  0.2639  4.8056  0.2222
6.0572  0.4955  0.6550  5.1247  0.4872  0.4231  3.0513  0.2692  4.4359  0.2692
6.0674  0.9230  0.5663  4.9225  0.5067  0.4133  3.1333  0.2800  4.7333  0.2800
6.6130  1.4213  0.7152  4.2316  0.6207  0.4138  2.6897  0.2529  4.0805  0.1379
1.7793  1.0534  1.4655  1.2460  1.0205  0.8713  1.0731  0.1140  1.0673  0.0906
0.2844  0.6159  0.5699  1.1871  1.0055  0.9477  0.9752  0.2948  1.0000  0.1873
5.4118  0.9719  0.8976  5.6736  0.0000  0.0000  6.9167  0.0000  14.5000  0.0000
5.7418  0.8602  0.6836  5.6318  0.0000  0.0000  5.9000  0.0000  11.4667  0.0000
1.4062  0.5827  0.5487  1.8650  0.9580  0.8845  0.9790  0.2283  0.9685  0.1181
0.4492  0.7578  0.7402  0.6770  0.9787  0.9840  0.9867  0.7787  1.0080  0.6453
1.0909  0.8240  1.0187  1.0554  0.9593  0.9756  1.0434  0.7859  1.0000  0.7371
0.7399  0.6035  0.4082  0.6503  0.9699  0.9508  1.0027  0.8989  0.9235  0.9536
7.0634  1.5173  1.7170  5.1684  0.0000  0.0000  3.9804  0.0000  6.6667  0.0000
7.0913  1.2952  1.6183  5.1767  0.0000  0.0000  4.0392  0.0000  6.6667  0.0000
6.6307  1.3523  0.7060  5.4245  0.0000  0.0000  5.3611  0.0000  9.3889  0.0000
6.2046  0.3469  1.1243  5.5651  0.0000  0.0000  4.8205  0.0000  8.6923  0.0000
6.5344  0.6514  0.8103  5.4727  0.0000  0.0000  4.4000  0.0000  7.4667  0.0000
0.7388  0.6520  0.5866  0.5514  0.9639  0.9750  1.0361  0.8833  1.0278  0.8750
6.6261  0.6805  0.5514  5.4669  0.0000  0.0000  5.1282  0.0000  8.4103  0.0000
0.3303  0.4631  2.6333  0.6036  1.0161  1.0081  1.0081  0.9919  0.9731  0.9731
0.4263  0.4157  0.6929  0.7262  1.0232  1.0174  1.0580  0.8957  1.0667  0.9304
6.5719  0.2559  0.3804  5.4413  0.0000  0.0000  5.0513  0.0000  8.3846  0.0000
0.2977  0.4617  2.0446  0.6171  0.9790  0.9816  0.9816  0.9606  0.9606  0.9475
5.9403  0.6192  0.4797  5.0376  0.0000  0.0000  4.9167  0.0000  8.8056  0.0000
5.3294  0.5552  0.3121  4.7788  0.0000  0.0000  5.9259  0.0000  11.4074  0.0000
5.1438  0.5364  0.8203  4.8892  0.0000  0.0000  5.7037  0.0000  10.1481  0.0000
6.9392  1.6454  2.3556  5.4470  0.7000  0.5167  2.4667  0.0417  3.2917  0.0500
6.8644  1.1508  1.4331  4.6876  0.6585  0.5285  2.2602  0.0732  3.0488  0.0569
5.5550  0.5267  1.9253  4.4552  0.7593  0.6019  2.3796  0.1389  3.5833  0.0741
8.0798  0.6550  0.5653  5.5705  0.4533  0.1867  3.5200  0.0533  5.0533  0.0533
5.4648  1.3087  2.3974  4.7167  0.6923  0.5727  2.1538  0.1795  3.3761  0.1538
4.6035  1.1718  1.5139  4.0100  0.7576  0.6566  2.2020  0.1919  3.9596  0.1919
7.3387  0.8982  1.1052  5.7902  0.5357  0.3810  3.0952  0.0476  4.6429  0.0357
6.9571  0.6747  0.8398  5.6956  0.5802  0.4198  3.1358  0.1111  4.8395  0.0864
5.2660  2.1173  2.4044  3.8569  0.6825  0.5476  1.9444  0.1429  3.1429  0.1190
6.8477  0.7297  0.3948  5.5514  0.5769  0.3974  3.2308  0.1667  5.0000  0.1282
7.0315  1.0757  0.4689  5.3010  0.5679  0.3827  3.1111  0.2099  4.7778  0.1852
5.3660  1.1777  1.8663  4.1789  0.7037  0.6019  2.2130  0.1574  3.7315  0.1204
4.9046  1.1792  2.4318  4.1408  0.7429  0.6190  2.1619  0.1810  3.8857  0.1333
7.6698  0.6839  0.9759  5.1777  0.5625  0.3750  2.8646  0.2917  3.9583  0.2708
5.1914  0.9420  2.9997  4.1078  0.8095  0.6476  2.3238  0.2762  3.8952  0.2095
7.6509  0.7884  1.0488  5.0709  0.5490  0.3824  2.6863  0.2451  3.7255  0.2255
7.9004  1.1447  1.3757  4.8874  0.5588  0.3725  2.6863  0.2059  3.6961  0.1373
5.8979  1.2126  2.3429  4.4342  0.7105  0.6053  2.3070  0.2544  3.5702  0.1930
6.0453  0.5760  0.7825  4.6665  0.6847  0.5766  2.3514  0.2072  3.6036  0.1532
8.7196  1.1751  0.8598  4.8265  0.5225  0.3063  2.5946  0.1982  3.4865  0.1171
5.9790  0.5440  0.6690  4.7926  0.7037  0.6019  2.4074  0.2037  3.6944  0.1574
0.7110  0.4547  0.8539  0.8093  0.9948  0.9793  1.0052  1.0258  0.9767  1.0362
6.1118  1.9333  2.3486  4.7782  0.7374  0.6364  2.6162  0.2121  4.0000  0.1717
6.5426  1.0915  2.2233  4.6949  0.6581  0.5470  2.2735  0.1880  3.3504  0.1709
6.9401  1.0634  1.2011  4.5278  0.6667  0.5556  2.2698  0.1667  3.1032  0.1587
0.6562  0.5690  0.7495  0.3104  0.9771  0.9517  1.0102  0.9644  0.9491  0.9669
7.2224  1.0932  1.0080  4.3240  0.6241  0.4894  2.0851  0.1773  2.7872  0.1702
6.1974  2.3506  3.6860  4.3493  0.6222  0.4444  2.7778  0.1667  4.3111  0.0778
7.3917  1.3361  2.9489  4.1473  0.7121  0.5682  2.2879  0.2197  2.8636  0.1894
6.2693  1.5703  3.5105  2.9760  0.6992  0.4634  2.1545  0.1220  3.3333  0.0894
7.5750  0.5890  3.2349  3.9148  0.5849  0.4780  1.9057  0.1824  2.4025  0.1572
1.1204  0.8356  1.1871  1.7249  1.0000  1.0328  1.0984  1.0492  1.0328  1.0656
4.7497  1.1048  0.8090  4.5368  0.7745  0.6863  2.2451  0.1961  3.7157  0.1176
5.2224  1.1784  1.1560  4.4022  0.7312  0.6344  2.4516  0.2366  4.1398  0.1290
5.5374  1.0512  1.4701  4.2771  0.6889  0.5667  2.5444  0.2444  4.2889  0.1333
6.7926  0.8893  2.9306  4.8129  0.6944  0.5694  2.0625  0.1875  2.9167  0.1806
0.7318  1.2117  1.8100  1.0419  0.9867  0.9973  1.0373  1.0240  0.9840  1.0187
7.7808  0.9679  3.2768  3.9776  0.6424  0.5152  1.9030  0.1758  2.4848  0.1697
5.7121  1.3603  0.9473  4.9689  0.7246  0.6232  3.1014  0.0870  5.4203  0.0870
6.9246  3.1207  5.5057  5.3909  0.6812  0.5435  2.2609  0.2246  2.8696  0.2174
6.7820  2.3556  4.0006  4.7704  0.6190  0.4571  2.5619  0.1048  3.6190  0.0476
6.9939  2.7460  4.7111  4.4028  0.6757  0.5135  2.5496  0.1351  3.5135  0.0631
7.5540  2.4242  3.0426  3.7232  0.5694  0.4236  2.0556  0.0972  2.7431  0.0486
6.8347  1.8889  2.6006  4.3670  0.5119  0.3095  2.9643  0.0238  4.5714  0.0476
6.7840  1.5684  3.3871  3.9292  0.6190  0.5102  1.9252  0.2177  2.7347  0.1361
5.4283  1.7873  5.2177  5.6245  0.2333  0.0000  5.9667  0.0000  14.1333  0.0000
6.3454  1.6213  5.0425  6.0258  0.2444  0.0000  4.6889  0.0000  9.3333  0.0000
7.7657  3.4104  5.9073  4.3346  0.5175  0.3158  2.4737  0.1228  3.3246  0.0789
6.9839  3.3291  5.3812  5.6860  0.6667  0.5442  2.1973  0.2177  2.8163  0.1905
3.9757  1.7441  2.0565  4.2362  0.8021  0.7396  2.2396  0.3542  4.5938  0.3542
7.4141  1.4011  1.8888  5.4704  0.4028  0.0694  3.5139  0.0000  5.7639  0.0000
4.3851  2.3873  3.2252  5.1908  0.8718  0.6410  2.8205  0.4744  5.3718  0.4487
7.9065  1.1915  2.0913  5.8915  0.3175  0.0159  4.1270  0.0000  6.3333  0.0000
7.8633  3.4028  6.0311  5.7126  0.6471  0.4216  2.9608  0.2353  3.9020  0.1765
0.7846  0.6597  1.0785  1.2533  1.0000  0.9716  1.0000  0.3204  1.0233  0.1990
7.8041  1.4645  2.6311  6.1109  0.3030  0.0152  3.8788  0.0000  6.1212  0.0000
6.9167  2.6150  4.6446  5.5725  0.6344  0.4624  2.9032  0.3226  4.1935  0.1828
7.7762  3.1671  4.3617  7.5570  0.3333  0.0000  4.4921  0.1111  6.7778  0.3175
7.7476  3.1595  5.4641  4.5553  0.5385  0.3761  2.4530  0.2735  3.3419  0.2051
6.6806  1.7200  5.8374  6.1733  0.3889  0.0926  4.2407  0.4444  7.7963  0.6667
0.6474  0.4955  0.5506  0.7005  1.0000  1.0054  1.0565  0.9785  1.0591  1.0081
6.9192  3.6416  5.6165  4.5474  0.6452  0.4624  2.7527  0.3118  4.3441  0.2258
0.6645  0.7336  0.6322  0.7692  0.9708  0.9684  1.0000  0.8710  1.0219  0.8637
0.3180  0.8175  0.3494  1.4300  1.0159  1.0529  1.0503  0.9788  1.0926  0.9947
7.0074  1.0326  3.3502  2.7717  0.6296  0.3407  1.9852  0.1926  2.9630  0.1407
3.6810  1.0563  1.5580  5.0800  0.7193  0.8596  3.0526  1.5965  7.0351  1.2281
6.0772  2.5033  4.1945  4.3463  0.6563  0.4896  2.4479  0.2396  4.1146  0.1563
0.7306  0.5757  0.6028  0.5730  0.9802  0.9704  1.0148  0.9333  0.9802  0.9210
7.3301  2.7080  4.5764  3.1310  0.6250  0.4653  1.9722  0.2500  2.6667  0.1528
0.4235  0.6298  0.8193  1.4313  1.0204  1.0585  1.0585  0.8906  1.0560  0.8092
0.7132  0.5107  0.8554  0.7706  0.9925  0.9925  1.0326  0.9198  1.0125  0.9248
5.6311  2.9154  4.9994  4.2601  0.8571  0.6571  2.3619  0.2095  3.4571  0.0952
0.7124  0.9844  1.0823  0.8958  0.9805  0.9903  1.0414  0.8832  0.9830  0.7591
4.1499  3.4580  0.6940  3.2636  0.7317  0.6829  1.7724  0.3902  2.9919  0.3171
4.5785  3.4152  3.9860  3.2795  0.6752  0.5385  1.7009  0.1282  3.2051  0.1026
0.7735  0.5092  0.8259  1.6046  0.9808  0.9400  0.9736  0.9640  0.7794  0.9233
9.3198  2.9222  4.7197  8.3126  0.0000  0.0000  5.0370  0.0000  7.2593  0.0000
11.1680  4.4039  7.5884  5.8630  0.1042  0.0000  3.1875  0.0000  4.0417  0.0000
12.1813  3.7251  6.3826  6.0273  0.1631  0.0000  2.2340  0.0000  2.8085  0.0000
11.3371  4.5782  7.8451  6.5284  0.0000  0.0000  3.2188  0.0000  4.0625  0.0000
12.8206  0.4267  0.3937  10.0277  0.0000  0.0000  4.8986  0.0000  5.6087  0.0000
12.9821  0.4064  0.2226  9.8210  0.0000  0.0000  4.4933  0.0000  5.1867  0.0000
13.9477  0.5539  0.7318  9.5893  0.0000  0.0000  3.7634  0.0000  4.3333  0.0000
14.2106  0.6950  0.5569  7.6692  0.0000  0.0000  2.7287  0.0000  3.0775  0.0000
14.6278  0.4469  0.5137  7.3949  0.0000  0.0000  2.4792  0.0000  2.7500  0.0000
14.5081  0.2339  0.1179  7.3624  0.0000  0.0000  2.4965  0.0000  2.8652  0.0000
14.1970  2.2933  1.0103  6.8181  0.0000  0.0000  2.2138  0.0000  2.4088  0.0000
14.4548  1.4844  1.3112  6.2425  0.1475  0.0000  1.9617  0.0000  2.1749  0.0000
14.7129  0.7145  0.6745  7.0771  0.0733  0.0000  2.4133  0.0000  2.6133  0.0000
14.8068  1.1160  0.4581  7.7651  0.0227  0.0000  2.7955  0.0000  2.9470  0.0000
14.7365  1.7754  0.9280  9.1246  0.0000  0.0000  3.1083  0.0000  3.2917  0.0000
9.0410  2.2347  4.8864  3.7369  0.1569  0.0000  2.3431  0.0000  3.8333  0.0000
8.6900  2.8015  4.6078  4.5740  0.0667  0.0000  2.5667  0.0000  4.3000  0.0000
9.8424  0.9497  0.4786  4.6398  0.0000  0.0000  2.4706  0.0000  3.7843  0.0000
9.6772  0.4462  0.4184  4.9305  0.0000  0.0000  2.9762  0.0000  4.6190  0.0000
9.5963  0.3680  0.3722  4.9839  0.0000  0.0000  2.9762  0.0000  4.6786  0.0000
9.5949  0.4581  0.4006  4.6198  0.0000  0.0000  2.6774  0.0000  4.2151  0.0000
9.7505  0.4600  0.8593  4.5140  0.0000  0.0000  2.6458  0.0000  3.9792  0.0000
10.6518  0.2781  0.2294  5.1790  0.0000  0.0000  2.6373  0.0000  3.7451  0.0000
